pruebas
1
*
       6
OK
783 882 986 703 245
2
*
       9
OK
-534 288 76 321 -109
3
*
       6
OK
-298 -671 538 275 -895
4
*
       9
OK
-815 -257 846 -919 732
5
*
       4
OK
540 -801 578 129 379
6
*
       7
OK
-956 -873 -907 999 -475
7
*
       5
OK
-794 -603 984 -15 -817
8
*
       7
OK
656 -251 183 -523 -938
9
*
       7
OK
-377 838 -938 -832 639
10
*
       9
OK
790 552 -869 -682 868
11
*
       8
OK
249 801 -4 -378 834
12
*
       5
OK
596 824 -417 519 225
13
*
       9
OK
-64 471 -385 948 150
14
*
       6
OK
40 511 78 159 24
15
*
       7
OK
281 832 -170 -656 54
16
*
       8
OK
520 -335 -676 813 817
17
*
       4
OK
-544 674 854 -147 279
18
*
      10
OK
341 -831 -871 -715 743
19
*
       6
OK
-438 769 -809 400 762
20
*
       6
OK
-878 -767 -714 -972 -778
21
*
       8
OK
620 -717 -819 105 -774
22
*
      10
OK
681 -103 -674 -895 -919
23
*
       9
OK
455 -983 -260 -418 649
24
*
       6
OK
-670 -931 -178 -220 -14
25
*
       7
OK
-680 -543 -211 -649 -143
26
*
       9
OK
-232 -941 853 -316 16
27
*
       2
OK
634 668 710 409 485
28
*
       5
OK
-305 941 383 -132 876
29
*
      11
OK
-638 925 -694 -261 -558
30
*
       3
OK
974 932 290 615 712
31
*
       6
OK
-310 -50 413 -479 -686
32
*
       7
OK
-856 -589 -844 -144 -393
33
*
       8
OK
-545 -86 952 -498 18
34
*
       7
OK
-768 218 -389 994 295
35
*
       7
OK
-203 400 384 -714 295
36
*
      10
OK
324 -73 -167 -630 -192
37
*
       7
OK
-154 823 530 694 612
38
*
       3
OK
823 710 -956 -102 511
39
*
       3
OK
-404 -216 -335 -86 188
40
*
       8
OK
75 -920 -662 700 560
41
*
      10
OK
-745 -695 -907 520 156
42
*
       8
OK
-67 -816 -563 695 585
43
*
      10
OK
773 456 268 -865 -823
44
*
       7
OK
-866 -762 -777 197 -517
45
*
       2
OK
-500 533 755 -687 -673
46
*
       9
OK
151 951 -641 799 -978
47
*
       9
OK
-240 751 -665 -92 -749
48
*
       5
OK
-965 846 -48 -707 -20
49
*
       5
OK
763 -78 805 973 164
50
*
       8
OK
444 -713 -905 650 976
51
*
       6
OK
977 367 -407 785 954
52
*
       7
OK
-527 147 468 -424 736
53
*
       8
OK
120 -989 -768 902 464
54
*
       2
OK
374 -276 501 693 -324
55
*
       9
OK
-451 599 -309 -360 -383
56
*
       9
OK
899 739 -370 956 -205
57
*
       9
OK
973 -622 966 157 -469
58
*
       7
OK
341 -511 -339 -721 -890
59
*
       0
OK
-674 -305 70 392 840
60
*
       2
OK
-901 875 -870 -706 199
61
*
       8
OK
379 -541 51 109 -248
62
*
      10
OK
202 303 -855 401 306
63
*
       5
OK
-108 698 140 58 338
64
*
       0
OK
-519 -368 -298 420 1000
65
*
       5
OK
428 484 -391 197 -447
66
*
       7
OK
-693 369 388 -423 -958
67
*
       9
OK
419 -77 -889 702 -159
68
*
       9
OK
334 -910 -57 890 -683
69
*
       9
OK
334 -157 -725 -442 338
70
*
      10
OK
-549 -438 -959 174 -109
71
*
       4
OK
-110 633 55 844 -830
72
*
       4
OK
-381 -735 535 -626 -542
73
*
       6
OK
565 -776 -549 671 431
74
*
       5
OK
-703 -302 551 -236 -882
75
*
       7
OK
188 135 567 182 -260
76
*
       5
OK
127 -354 63 986 -735
77
*
       7
OK
-284 361 519 59 -39
78
*
       7
OK
542 -452 633 -482 26
79
*
       6
OK
-399 395 -186 35 716
80
*
       9
OK
-463 -295 884 -81 -97
81
*
       6
OK
-179 -913 519 680 -3
82
*
       9
OK
392 -513 282 967 -261
83
*
      10
OK
855 -359 -753 -933 -992
84
*
       8
OK
-286 -767 -858 -12 -300
85
*
      10
OK
44 508 -620 153 958
86
*
       8
OK
296 357 -558 -992 555
87
*
       5
OK
-871 -750 913 -85 213
88
*
       6
OK
171 -891 903 562 580
89
*
       5
OK
281 636 -506 987 -356
90
*
       7
OK
-112 -896 -501 -395 508
91
*
       3
OK
-265 101 47 384 761
92
*
       6
OK
143 -562 724 164 199
93
*
       5
OK
578 -316 -193 888 -709
94
*
       6
OK
-180 15 -857 620 845
95
*
       0
OK
-1 143 441 749 888
96
*
       1
OK
-929 -617 251 797 -986
97
*
       5
OK
667 781 -828 177 -435
98
*
       9
OK
499 -200 328 211 894
99
*
       6
OK
-798 -434 -973 402 630
100
*
       7
OK
-575 775 -944 -711 -433
101
*
       4
OK
325 -812 -20 536 793
102
*
       6
OK
534 540 742 367 -305
103
*
      10
OK
182 -834 -869 50 386
104
*
       7
OK
612 -593 833 456 848
105
*
      10
OK
546 189 177 -127 -745
106
*
       6
OK
-767 -780 -492 -37 -736
107
*
      10
OK
-255 -326 -197 -425 -961
108
*
      10
OK
861 133 -144 -477 982
109
*
       9
OK
314 -983 -78 -256 -623
110
*
       8
OK
-553 750 -903 379 -658
111
*
       6
OK
-323 552 -351 -20 258
112
*
       1
OK
-806 -999 -463 132 134
113
*
      11
OK
-855 476 -883 120 -492
114
*
       9
OK
129 -825 -980 170 -845
115
*
      10
OK
645 438 104 -121 -662
116
*
       9
OK
164 112 -494 168 -274
117
*
      10
OK
-207 505 -94 -154 -229
118
*
       8
OK
-146 -129 -499 101 -939
119
*
       9
OK
549 111 -35 -880 163
120
*
      10
OK
669 386 642 445 -73
121
*
       7
OK
829 -666 672 46 452
122
*
       1
OK
879 -154 204 779 850
123
*
       1
OK
-633 -503 -204 181 -952
124
*
       7
OK
384 -613 181 -272 90
125
*
       8
OK
-258 -457 -587 354 601
126
*
       6
OK
655 -741 -688 859 259
127
*
       7
OK
-736 883 -565 854 666
128
*
       5
OK
91 -936 887 914 -912
129
*
       2
OK
284 432 -976 -945 206
130
*
       5
OK
249 279 -846 84 -311
131
*
       2
OK
-408 492 693 -907 -683
132
*
       9
OK
-129 167 -25 235 -79
133
*
       6
OK
-87 315 720 -519 262
134
*
       6
OK
-623 -492 -455 502 158
135
*
       6
OK
-930 -591 152 664 189
136
*
       6
OK
-852 760 -588 456 -621
137
*
       7
OK
-865 640 -639 381 15
138
*
      10
OK
11 -991 602 549 -164
139
*
       6
OK
253 -868 -58 313 -40
140
*
       7
OK
-505 931 405 -800 -195
141
*
       9
OK
-598 99 864 577 321
142
*
       6
OK
-278 -892 753 -55 884
143
*
       8
OK
668 894 273 969 30
144
*
       9
OK
690 -899 141 961 -405
145
*
       8
OK
721 297 -206 142 640
146
*
       6
OK
-842 621 -524 -28 970
147
*
       5
OK
-639 473 863 900 536
148
*
       7
OK
19 132 -932 -263 286
149
*
       6
OK
306 -868 -797 321 -591
150
*
       4
OK
748 -698 944 -305 332
151
*
       4
OK
239 -749 -388 702 762
152
*
       9
OK
291 -375 -288 -495 517
153
*
       8
OK
-996 19 312 -886 91
154
*
       6
OK
-798 -773 -330 806 740
155
*
       6
OK
-830 -881 990 -553 282
156
*
      11
OK
258 210 -421 -697 -59
157
*
      10
OK
-325 -103 -610 142 -71
158
*
      10
OK
130 521 282 -193 -929
159
*
       9
OK
-565 605 395 -553 698
160
*
      11
OK
-580 944 -590 753 -286
161
*
       6
OK
875 -282 -803 -23 748
162
*
       2
OK
-120 -293 254 258 -348
163
*
       5
OK
784 953 -838 -138 -238
164
*
       7
OK
141 -150 925 -432 125
165
*
       6
OK
-202 815 -176 720 -483
166
*
       9
OK
440 -703 -62 -83 -285
167
*
       6
OK
-449 112 748 -470 -562
168
*
      10
OK
630 283 1 195 -226
169
*
       7
OK
-850 -208 -312 995 -10
170
*
       9
OK
619 593 570 732 -491
171
*
       4
OK
777 -437 795 -339 475
172
*
       9
OK
-93 -421 -291 -925 591
173
*
       8
OK
52 931 -319 288 -66
174
*
       4
OK
-971 477 784 9 389
175
*
       7
OK
37 -344 658 698 675
176
*
       8
OK
683 906 273 -572 -217
177
*
       9
OK
371 862 506 444 896
178
*
       7
OK
108 -849 -497 86 261
179
*
       7
OK
114 -635 846 -399 -917
180
*
       9
OK
-689 710 903 869 418
181
*
       5
OK
-196 331 -745 -595 -922
182
*
       2
OK
447 652 814 -580 389
183
*
       8
OK
-911 591 961 144 614
184
*
       9
OK
-507 -962 -753 981 -833
185
*
       6
OK
-130 -650 377 31 955
186
*
       9
OK
-35 -352 -452 856 -751
187
*
      10
OK
473 -871 849 686 -346
188
*
       5
OK
-480 248 749 987 620
189
*
       9
OK
254 -855 103 544 -18
190
*
       4
OK
-761 420 553 -189 342
191
*
       8
OK
868 -151 -647 958 361
192
*
       6
OK
911 -484 -474 -574 -319
193
*
       4
OK
688 -630 -45 -407 -42
194
*
       5
OK
636 -40 348 773 -433
195
*
       7
OK
-211 -367 254 787 401
196
*
       1
OK
-225 -277 -69 32 425
197
*
       8
OK
59 -705 -688 429 183
198
*
       9
OK
-38 -927 80 -642 -926
199
*
       7
OK
488 -404 655 -997 13
200
*
       7
OK
-261 411 686 385 -947
